Data saved as (X Y Z Roll Pitch Yaw)
-0.1254598811526375 0.45071430640991617 0.6391963650868431 -2.56987305889486 0.18006620989341782 3.141592653589793
0.0986584841970366 -0.3439813595575635 0.2935967122017216 2.3754361956939554 -0.279612231896621 3.141592653589793
-0.44191638783180054 0.3661761457749352 0.5606690070459254 -2.689388127317805 0.6264289326333103 -3.141592653589793
0.2080725777960455 -0.47941550570419755 0.7819459112971967 2.6318363741757556 -0.24507606524509984 3.141592653589793
0.33244264080042174 -0.28766088932172384 0.3090949803242604 2.610163759311022 -0.746876535463362 3.141592653589793
-0.3165954901465662 -0.19575775704046228 0.5148538589793428 2.848012919866665 0.5108620066188845 -3.141592653589793
-0.06805498135788424 -0.2087708598019581 0.5671117368334277 3.0375063339541524 -0.3262167231680613 1.5707963267948968
-0.36050613934795817 -0.20785535146478185 0.4198171059762151 2.8040339529271034 0.6545022132767064 -3.141592653589793
-0.04393001578296407 0.2851759613930136 0.3198042692950159 -2.4880751800784098 0.11823851000966856 -3.141592653589793
0.014234438413611605 0.09241456886204247 0.22787024763199865 -3.0930218069379 0.3210739627934638 1.5707963267948968
0.10754485190143837 -0.32947587631270847 0.23903095579116773 2.3231506510544397 -0.3562149440619744 -3.141592653589793
0.44888553725333324 0.46563203307455936 0.6850384088698768 -2.6459667038161596 -0.5482476247978998 3.141592653589793
-0.19538623082662931 -0.40232788599361613 0.6105398159072942 2.612966406085773 0.28759712929054193 -3.141592653589793
-0.0598475062603987 -0.3779617651552212 0.4971061460667622 2.539820521931627 0.10895599384841304 -3.141592653589793
-0.4656114788847816 0.40932040207878206 0.3552679889600102 -2.5560620216116585 0.8545778797606718 -3.141592653589793
0.16252228435398197 -0.18828892391058905 0.5120408127066866 -2.8739820538229153 -0.3232582047135262 1.5707963267948966
0.04671027934327965 -0.31514554447447296 0.7817507766587353 -3.0891250962750596 -0.36218038410396924 1.5707963267948968
0.27513282336111455 0.4394989415641891 0.7368964102565894 -2.6564035550854364 -0.3363567459288035 -3.141592653589793
0.09789997881108514 0.42187423502311683 0.2530955012311517 -2.217488467373437 -0.31242229946375377 3.141592653589793
-0.3040171375808548 -0.45477271108946193 0.39519819845795867 2.4408381220388415 0.5991436810347719 3.141592653589793
-0.11132271031051799 -0.2286509682261041 0.6972425054911577 3.000086840803534 -0.29694584098340515 1.5707963267948966
-0.14324667330641072 -0.21906549031261924 0.5256176498949492 2.913072107899221 -0.3636490620535058 1.5707963267948968
-0.35907577502523735 0.30219698075403967 0.24473038620786253 -2.5648495182493365 0.8834988627809119 -3.141592653589793
0.4868869366005173 0.2722447692966574 0.31922940892050344 -2.722460748762648 -0.921974295951487 -3.141592653589793
-0.4944778828763976 0.31546142845483416 0.6241144063085704 -2.7807766922889305 0.6328716423510148 3.141592653589793
0.2290071680409873 0.27127034668594574 0.24442679104045423 -2.5128046755066005 -0.6610612683223983 3.141592653589793
-0.1415342714557274 -0.3841309404748703 0.7178620555253561 2.684387388130202 0.18227662936578137 -3.141592653589793
0.12329812682755792 -0.1691019751473508 0.2381350101716142 2.646800445368218 -0.4043395318856504 3.141592653589793
-0.1890176782843378 -0.17481667797325295 0.6377637070028386 2.8812770070742753 -0.2489101227284447 1.5707963267948968
0.13755747135521312 0.38721274257632654 0.4833289550971696 -2.5288411025023723 -0.2524210062752361 -3.141592653589793
-0.3804057540616983 0.213244787222995 0.6564710291701386 -2.881831210564726 0.49393947802250926 3.141592653589793
0.06127719756949623 0.270967179954561 0.4962773578186345 -2.6836142806732513 -0.11170536418044641 -3.141592653589793
0.022732829381994057 -0.07245898164145037 0.2152514760464571 -3.0591064701927713 -0.2666649074378147 1.5707963267948966
-0.39210857300669555 -0.46857081431326575 0.5818462467582683 2.5793223733170985 0.5554116351208758 3.141592653589793
-0.18564401892367333 0.00857069116470277 0.7445398843556559 2.9120735826898065 0.010786568340670266 1.5707963267948966
-0.25070777085112506 -0.08961707696437027 0.6533306831258292 2.80171516821028 -0.12673520483186795 1.5707963267948966
-0.27120183450837754 -0.423020090171207 0.3738508717482608 2.4425360560675986 0.5692082006325379 -3.141592653589793
-0.3387787127459956 0.42969765234257307 0.6848722277386503 -2.653442820603268 0.43196671778990625 -3.141592653589793
0.13340375651042347 0.3714605901877177 0.6822032461394687 -2.678663119239992 -0.18021821718676612 -3.141592653589793
-0.31342994111396416 0.3925589984899778 0.5236053451493905 -2.6007597683562653 0.5000911786667062 -3.141592653589793
0.30744015516406253 0.39609129992349323 0.39080208498311836 -2.5064528948437883 -0.6090166872422198 -3.141592653589793
-0.38994807547232324 -0.2720648374580583 0.4562646731757538 2.7390916160494116 0.6563328076644717 3.141592653589793
0.3180147659224931 0.36073058325634344 0.20417127831871443 -2.4165204180788336 -0.8965167513633707 -3.141592653589793
0.010747302577565732 -0.08258899685122101 0.3332646862824382 -3.1141872774357813 -0.2122426920403977 1.5707963267948966
-0.3801346326663172 -0.16238482859637204 0.7657458223475115 2.9630794926082253 0.436076633253105 -3.141592653589793
-0.17679706797924477 0.018790621743366098 0.6218113753371068 2.8843587526601775 0.027962795217660874 1.5707963267948966
-0.13637039762070602 0.47178208272096067 0.7774683769652668 -2.629155610084871 0.16333615954213654 -3.141592653589793
-0.24821770417463584 -0.0027514941076145494 0.38052698589006184 3.136056017329725 0.5229937817398072 3.141592653589793
-0.2151595056225324 -0.4631130526454672 0.5657386003879381 2.524169563223082 0.3361697802463226 3.141592653589793
0.002679023228861488 -0.44852124875001065 0.3671878785419669 2.320026686912993 -0.006421534618791691 -3.141592653589793
0.4082658859666537 -0.2604381093330276 0.28693692325473386 2.6843659263034465 -0.8808249607618658 3.141592653589793
-0.010547239722436985 0.4856504541106007 0.3452331629069003 -2.254083118543505 0.026679788150103967 -3.141592653589793
0.17213554740587855 0.2616196153287176 0.34258252639543985 -2.5936224911043677 -0.41322407415254747 3.141592653589793
0.22821634861185958 -0.13221686728074677 0.5793834983561478 -2.8005970600860133 -0.20706269972621993 1.5707963267948966
0.1335297107608947 0.03577468407475848 0.254173862032645 -2.730453416173672 0.1170747732509465 1.5707963267948966
0.33530249558923797 -0.17921993502826417 0.3119111062399126 2.7931527413663595 -0.7472524598244807 -3.141592653589793
-0.4592248584452361 0.09089294318824181 0.6065386171053695 -3.0286303869108484 0.6103658673061809 3.141592653589793
-0.48341217107214385 0.012093058299280979 0.33589746511876284 -3.1220444899043134 0.8971060596906764 -3.141592653589793
0.14517279040944986 -0.32563357099500856 0.6145626428614797 2.6951232846117086 -0.21507006191088407 -3.141592653589793
-0.11326465369946259 0.4367299887367345 0.282512566487596 -2.2481706370691867 0.3283055371991752 -3.141592653589793
-0.1589336489497415 -0.38652647875941093 0.7548161709671377 2.7012759790684346 0.19496958061860603 3.141592653589793
0.377339353380981 -0.2420583722848444 0.5959904276205075 2.8286691020716654 -0.5286651433725791 -3.141592653589793
0.31722220020121583 0.05520081159946233 0.5177903470136039 -3.05692303239631 -0.5094950842739081 3.141592653589793
-0.2581477090995483 -0.4068972321941008 0.7383294547719961 2.6855567541397987 0.31645681538762105 -3.141592653589793
0.40041805716333045 0.13310145727326794 0.4034178746292204 -2.9250106313196165 -0.7234051002621479 3.141592653589793
-0.1507904253873391 0.22595567887023937 0.7382661559715464 2.959736209178491 0.2791635842520468 1.5707963267948966
0.3870864242651173 0.27987554585762386 0.5852189876925727 -2.7817320227145452 -0.5472842129698938 -3.141592653589793
-0.41586003500495117 -0.33837128590538623 0.7391325131162476 2.7790236717929964 0.4850008755313322 -3.141592653589793
0.10642905965958993 -0.49080294838337035 0.2608829257196193 2.1607627396199613 -0.3298385625355591 3.141592653589793
0.1635017691080558 -0.4949384161537813 0.2964848308504992 2.2295349149748334 -0.44090553818387757 3.141592653589793
0.04873378936658612 0.19189519769269325 0.5911767557015604 -3.0689053385139524 0.29080157870407386 1.5707963267948966
-0.2757306905394402 0.21217922134753586 0.3423494524980801 -2.7250287986583146 0.6125813539069602 -3.141592653589793
-0.17460030184073227 0.24649140511802414 0.5897797394283288 2.8922328533598862 0.36774868223543944 1.5707963267948968
0.34922341049417793 0.15761289230034337 0.5409851620012831 -2.9159002901630706 -0.533714344156204 -3.141592653589793
-0.4063252321719075 -0.13228419694056648 0.3591214206090353 2.916078416719546 0.7819691500239005 3.141592653589793
-0.2560103566209164 0.4730105547524456 0.43585863480005627 -2.4305739437980374 0.484953735047017 -3.141592653589793
0.3920465551771133 0.1311386259972629 0.6768867821249891 -2.984119325410079 -0.49463005529083004 3.141592653589793
0.002637093105192112 0.07690388462635911 0.4955106162913184 -3.1368058497381317 0.14005301507985202 1.5707963267948966
-0.3047570122019555 0.22245211526150532 0.3684634174645135 -2.7357368399922932 0.6294523996102388 -3.141592653589793
-0.47568403356854616 0.14547229590716781 0.3062664076442294 -2.9015364603685168 0.927963717478824 3.141592653589793
0.4404585843529143 0.4539285770025874 0.7489186341322691 -2.6798909538284086 -0.503854894279552 3.141592653589793
-0.1298412997445556 -0.48454338347113257 0.7569911375526353 2.6064781697416586 0.15952835648440966 -3.141592653589793
-0.07181585168268567 0.46665481904366957 0.7781719862535519 -2.6300627431003267 0.08649972455689059 3.141592653589793
0.35300945546736007 -0.2055511079304143 0.4310586371611552 2.8098363309980594 -0.6330638929622844 3.141592653589793
0.3511366715168569 -0.18307799484372234 0.3016956480116555 2.7886359927626594 -0.7846028437153422 3.141592653589793
0.056801262458350155 0.43615477416078097 0.6176178780049839 -2.5645511045178466 -0.08487609592802325 3.141592653589793
0.07006117008936497 -0.40282350622923146 0.5690043360195018 2.5675889342830636 -0.1127040167037372 3.141592653589793
0.4900538501042633 -0.35991598476347597 0.5109977914182421 2.69149491902869 -0.7180023360408713 3.141592653589793
0.37737307192795544 0.24076861775420444 0.6182094445971609 -2.8375759145064525 -0.5140990446312383 3.141592653589793
0.20248408398710926 -0.14050884878024483 0.37615510655869605 2.8521499993726747 -0.44356398703876043 -3.141592653589793
0.3093611554785136 0.31011339467918075 0.7202433911480624 -2.7840419432658456 -0.38192004081337605 3.141592653589793
0.4132405525564713 0.011342398860937797 0.5009097768123199 -3.1251241883333694 -0.6435687403324897 -3.141592653589793
0.29829517896677515 0.14996393077776515 0.6211801263546222 -2.940184328681082 -0.41821549678026537 -3.141592653589793
0.29579266943610105 0.3900053418175663 0.4027970941109215 -2.516847298694597 -0.5786611325546773 -3.141592653589793
-0.12441704736005599 -0.406018060159131 0.5469680845977045 2.554171830250288 0.20547356757565605 -3.141592653589793
-0.4640577262032579 -0.034401981867539844 0.525586780824546 3.095096633820927 0.6785307177273117 -3.141592653589793
-0.2134587478717156 0.09083326056901075 0.21830014996342967 -2.882610522486022 0.6720503076523876 -3.141592653589793
-0.4626518112507856 0.32260056065965825 0.4161143848467578 -2.6849985520136976 0.7816700372355685 -3.141592653589793
-0.3729394873481152 0.02224326005480437 0.6619961318591665 -3.1139255412214824 0.4825013178466282 3.141592653589793
-0.2841789725031568 0.12289047581900026 0.2512084789962608 -2.8531105021484824 0.7563153654294599 -3.141592653589793
-0.4483182788313923 0.031354631568147995 0.524381072966064 -3.0985869261962784 0.6627520723189106 -3.141592653589793
0.13742990149820655 0.22609133372266155 0.7855112476775208 -2.9841315814095752 0.2642732013469118 1.5707963267948966
0.01630034830119531 -0.17704352705875404 0.6771117168612223 -3.119814537984459 -0.23884110688340576 1.5707963267948966
-0.22916774873792578 -0.061028579294363894 0.2470738288053596 2.980346208073074 0.6570675693514936 -3.141592653589793
-0.4746492565845425 0.46264841467792506 0.7015880723073236 -2.661709780161953 0.5632801684871493 -3.141592653589793
0.19597420609369798 -0.09104705558573012 0.3039765920425075 2.92025257040376 -0.5056305256206985 -3.141592653589793
-0.34356295732891395 -0.24975710183540467 0.5295359988236723 2.7865848770037553 0.5351264597359466 -3.141592653589793
0.21459592270006234 0.16019737671773127 0.36796033816756574 -2.8129873827812126 -0.47433861505262254 -3.141592653589793
0.4548652806631941 0.2378969166957685 0.5326124315068405 -2.8302098139279535 -0.6628824285733051 3.141592653589793
0.11172074623435224 -0.08039993757221009 0.3486385937006945 -2.873483154777974 -0.19901646200813294 1.5707963267948966
-0.1440273213487384 0.2578461104643691 0.20863609317785353 -2.4250327251992996 0.5081042670461615 3.141592653589793
-0.38392735949308376 -0.45399735797824725 0.22443728139138208 2.3755571771088886 0.9501960316487121 -3.141592653589793
0.3554605840110072 0.20365785938002368 0.48450429745239515 -2.8343689123988267 -0.5868676212256321 -3.141592653589793
-0.4021658393489985 -0.008384124883167643 0.4840830624683395 3.1290528735673773 0.6454198909522777 -3.141592653589793
-0.3267981300899848 -0.06614835076202696 0.4391028406384241 3.0296105519117824 0.5890345726555735 3.141592653589793
0.11585009805221647 0.1350936508676438 0.22718240586322672 -2.7190009461822484 -0.3958893688824936 -3.141592653589793
-0.12538738537352878 0.12585991571423638 0.5018817551480527 2.9236002605847125 0.22422122512849652 1.5707963267948968
0.3564898411883223 0.158693631618945 0.29776065624885784 -2.833114754493944 -0.7977925287168037 -3.141592653589793
-0.42943125259957016 0.1424192782063156 0.2159067863249731 -2.866760722919225 1.0163737005794533 -3.141592653589793
0.0857755812734633 0.4402302414249576 0.5452845067255274 -2.509731314495183 -0.1431067516141311 -3.141592653589793
-0.11183007379347809 0.14328821844235318 0.47495173429491006 2.938903689852282 0.266464030004655 1.5707963267948966
0.045616789315934936 0.44146480877652516 0.4316615826804646 -2.4019346471285643 -0.09442549406576006 3.141592653589793
0.4611905638239142 0.40535064195606374 0.3174746808735779 -2.5393758769601353 -0.8980122521581447 -3.141592653589793
-0.43063869912483455 -0.39922199862257335 0.21093309539092986 2.471222423044871 1.026034411405798 3.141592653589793
-0.4055570392440716 0.18300677341635685 0.24271318907613743 -2.790825343032093 0.9456178165241069 -3.141592653589793
-0.1810243697062387 0.34487531096945456 0.21396316144149552 -2.318911308814116 0.6011280171117424 -3.141592653589793
0.3144684825889358 -0.21814522522660007 0.27089889657299376 2.6895901856264985 -0.7752777281150672 -3.141592653589793
0.19673716536415065 0.128942846779884 0.7264832081162318 -2.89666417202959 0.16455840583667092 1.5707963267948968
0.23507104380388577 0.3034809303848486 0.3692207435427839 -2.5783869876422556 -0.5110464076251222 -3.141592653589793
-0.3225604562202772 0.25061475164085834 0.6841008435603585 -2.8386630440723764 0.4140001382819749 3.141592653589793
0.4905051420006733 -0.08738232308857352 0.42321085147566995 3.0140789706187627 -0.8033416597456718 -3.141592653589793
0.27641296074199684 -0.15919645974698216 0.758454395362139 -2.817928408594718 -0.194427059626481 1.5707963267948966
0.3584127518430118 -0.07100597262498165 0.6505226406748985 3.0515998669255464 -0.47291318746995703 -3.141592653589793
0.25454287408468235 -0.3968761311640674 0.74153174400774 2.696246402280854 -0.31113792278026775 3.141592653589793
0.005252372447857145 0.3264574661077416 0.3920297606183671 -2.5054989321845267 -0.011881836338297092 -3.141592653589793
0.3955232284962005 -0.11079832126583689 0.20650259088817902 2.9107489895809184 -0.9954660284124803 -3.141592653589793
0.40538197641926366 -0.40871332321386644 0.391588182554249 2.543173056918973 -0.7426762614662662 3.141592653589793
0.4500619670508049 0.4506071469375561 0.5440627328739718 -2.597796569404588 -0.6483474349229656 3.141592653589793
0.13183721216979927 -0.05155447802168023 0.37592646301883875 -2.843463447640267 -0.12045482041056688 1.5707963267948968
-0.17133545463008404 0.17251845607703842 0.651424717662608 2.9086981583017004 0.24116737699543234 1.5707963267948966
0.29157904372584853 0.2896181427945539 0.25472366182921424 -2.539847193921067 -0.7633582002452661 3.141592653589793
-0.00557969529741853 -0.4424412399833557 0.5297173293942414 2.4897182072493655 0.009624557913180176 -3.141592653589793
-0.058469498626622984 0.38770418275829976 0.41054900753124723 -2.445796672818939 0.1262805192987162 3.141592653589793
-0.38293298357239414 -0.35700831794716414 0.6569063790304834 2.7236882395855426 0.4964504913568204 3.141592653589793
0.11821806331626106 -0.39887732387720976 0.25046408366899847 2.251292503666622 -0.3748484569117143 -3.141592653589793
0.20096913145912 -0.4272369936358065 0.6931160355742139 2.6349272120824394 -0.2641229342900848 -3.141592653589793
0.2062422271564962 -0.41865121935810024 0.25090262845111516 2.287565067815356 -0.6008680152762522 3.141592653589793
0.48663957850117545 -0.12572920424387968 0.4223852882401346 2.95828917410138 -0.8002603856579525 -3.141592653589793
0.3127995672575026 0.4472485773838587 0.7916006382937226 -2.679440025542248 -0.35584996660113966 -3.141592653589793
0.2533781852589416 -0.12374041446908424 0.2501004300192013 2.836383484902259 -0.7011821978590134 -3.141592653589793
0.2771469159274368 0.05840424973580505 0.4545332055481858 -3.0404794020791215 -0.5023160175244612 -3.141592653589793
0.406354385094736 -0.38880251769384866 0.49557506257451556 2.6223655117974176 -0.6401766755177389 3.141592653589793
-0.48864635523258093 -0.03133935800587373 0.23378196540910243 3.08618868537415 1.044650596750611 -3.141592653589793
-0.3811820837319281 -0.3824737532228951 0.5895261812696382 2.6670244591329753 0.5375013772059658 3.141592653589793
0.2460448792654233 0.08336876509715963 0.7773035290847252 -2.8538949838181975 0.10043263190169194 1.5707963267948966
-0.12512942047629594 -0.21428791371813927 0.7211594769136762 2.986510257425898 -0.2710394823357498 1.5707963267948968
-0.27640416148054736 0.4632225394406113 0.20729268481388982 -2.254741665546559 0.8211924799959789 3.141592653589793
0.46987882670763903 -0.4568400880494239 0.7346858682188429 2.678353351182566 -0.5395450557979256 -3.141592653589793
0.027701109086299858 0.49296479611930033 0.24427793884123933 -2.1109174177378427 -0.09385590484936235 -3.141592653589793
0.053854284401320784 0.46930253561909896 0.5138587065020894 -2.4496930196262716 -0.0952214049859943 -3.141592653589793
0.12939863813526253 0.19574868898461717 0.472724638860664 -2.913791869300687 0.35831263194488816 1.5707963267948968
0.12755808008406344 0.08431431192310024 0.7406948062945935 -2.982533157548774 0.10623176572823279 1.5707963267948968
-0.45455361965854213 -0.21903681040776968 0.7702468904459354 2.9121358260883543 0.5060366833722556 3.141592653589793
0.3902637838909163 -0.04434324721428706 0.5720795586809221 3.081282589203755 -0.5602899247523307 -3.141592653589793
-0.22261881701886732 -0.3118788402762387 0.47821904296398937 2.6432998904464777 0.39886137614061234 3.141592653589793
-0.14664777197394718 0.08365611185087207 0.24664078217899094 -2.8939744608568936 0.4591266158798706 -3.141592653589793
0.4743948076661665 0.4862107444796029 0.6188970284118471 -2.606404582794076 -0.6168867772473073 3.141592653589793
0.03609636634412039 -0.19047238371367226 0.6882770118241692 -3.094285483410083 -0.25248986873724566 1.5707963267948966
0.18473117255387927 -0.3373830606551087 0.7465563106963056 -2.931205549528731 -0.40064358425885893 1.5707963267948966
0.322537242923169 0.44979991329192404 0.635431705033016 -2.6057634972516284 -0.4398200634068732 -3.141592653589793
0.11341519593578986 -0.08175696370938113 0.7596370900124081 -3.003111968493573 -0.10063862321376726 1.5707963267948963
0.36606388950040836 -0.4547813298938106 0.2158201846983512 2.353566321346498 -0.942729585436165 -3.141592653589793
-0.1235366331219504 0.3105533307818329 0.7923656775889667 3.0048502511885014 0.35320786846707297 1.5707963267948966
-0.3495831088964718 0.09413071535213513 0.428534513978613 -2.9840715011987364 0.6309224529733548 3.141592653589793
0.4699143978146032 0.3421189231357087 0.7029972228266828 -2.7736963318163315 -0.5579220720113789 3.141592653589793
-0.03130684020502972 -0.08518049766233482 0.36404424315842376 3.067666357065673 -0.2028971447467598 1.5707963267948968
-0.4436245033490729 0.3647223762550532 0.6877406054780466 -2.7408433877868714 0.541395817439486 -3.141592653589793
0.4997176732861306 0.4966368370739054 0.5332590233615766 -2.5675999914909746 -0.7084101442672588 -3.141592653589793
0.2689874151805105 0.444765729882428 0.7097884344064469 -2.6373532594894638 -0.3402599324227813 3.141592653589793
-0.25265189825680234 -0.04945586468990648 0.277495649090897 3.0225909431460853 0.6570986676491288 3.141592653589793
0.4540510272587224 0.10617463445088005 0.33718568330207765 -2.9655051556276 -0.8647159827355411 -3.141592653589793
0.17170068440585673 0.11812824045789583 0.4148976308197043 -2.797848407628029 0.24882920725616997 1.5707963267948966
-0.386442407800371 0.1715731955927996 0.512184620542276 -2.895200948057089 0.6022154516710758 -3.141592653589793
0.2723183917356393 0.020163501111993387 0.7113089001911241 -2.798187953232028 0.0264791182431956 1.5707963267948966
0.05190683877448554 0.06093797153538627 0.7259921615950071 -3.0750056117125073 0.07836827675544189 1.5707963267948968
-0.09651713378760296 -0.36598477154935927 0.2172696057880034 2.2310016052057797 0.34654915651733753 3.141592653589793
0.255137255673619 0.12030955135346466 0.6224478608595343 -2.784150721593856 0.17703969005343678 1.5707963267948968
-0.28703583849108927 -0.36362852441323024 0.20872679940072916 2.3865863712353232 0.837222324635396 3.141592653589793
-0.14941244119340302 0.08991768685463308 0.43534642705983945 2.8476642209111507 0.18318794683678297 1.5707963267948966
-0.06252507797627094 0.4041586944937484 0.40895328021398025 -2.424152092836441 0.13540052072106024 3.141592653589793
0.013989489159810797 0.2836530127411431 0.4379256693927621 -2.615181718133334 -0.02866350059015854 -3.141592653589793
0.12208670022787349 0.3623637087467452 0.7697123741945853 -3.0062041265950534 0.41623312517839417 1.5707963267948968
-0.35292651907096206 0.4265876251614944 0.49526977584772297 -2.5604703788723335 0.5744404232393157 3.141592653589793
-0.24175561170104165 -0.040864243761738694 0.7880195451712864 2.8610498690334754 -0.048724282006728625 1.5707963267948966
-0.007381906007130401 -0.1712483897124918 0.5800405125900355 3.130286782581905 -0.26539376253134317 1.5707963267948968
-0.25985438122180693 -0.4241366718913361 0.27732783314638954 2.348827190268337 0.6709893851609645 -3.141592653589793
-0.37195416104222756 -0.34809730648770565 0.2832963035896461 2.5328958739015563 0.8401577299841003 3.141592653589793
0.1408747448032146 -0.3181199156008552 0.40740036999431795 2.5549636514654153 -0.2987708644541289 -3.141592653589793
0.39678840990601183 -0.026038359737127648 0.6005346431126164 3.1074346441757763 -0.5476977513083301 -3.141592653589793
-0.32768012879837016 -0.3077109811913292 0.22452116975988734 2.5176806637790237 0.8734443417703863 3.141592653589793
-0.33106493692783545 -0.22140966096804138 0.3062062905660481 2.714344025231316 0.7488330535689522 -3.141592653589793
-0.4112974662429444 -0.3793641288993992 0.47646726081963553 2.6251553622060637 0.663196999179418 3.141592653589793
-0.2936662815942075 -0.13573013895192454 0.5020503625129142 2.9278443357187776 0.4888840826184411 -3.141592653589793
0.1903948286293653 -0.46068786015890106 0.6796462393454257 2.5931761809724017 -0.2552495411893352 -3.141592653589793
0.12790038949090776 -0.4182409680511281 0.7241471744640664 2.6518680582242564 -0.16373549093368855 -3.141592653589793
0.4208724005318132 -0.43892204014513625 0.3661265888883223 2.5034884285442662 -0.7910681353404632 -3.141592653589793
0.30620127979306133 0.24825969038365836 0.3107126116138264 -2.6583861004972595 -0.703842774970257 -3.141592653589793
-0.2906506766632897 -0.12952789720861801 0.49071379111461283 2.9336442619186953 0.493220069298419 -3.141592653589793
0.11825477153029595 -0.1310863604302276 0.4775208296798888 -2.927376197162818 -0.24356182000975668 1.5707963267948966
0.24747093813375654 -0.4633167971094021 0.3514621666064125 2.3650621527185134 -0.5524085637079863 3.141592653589793
0.21334958588455244 0.39520683768719933 0.5070064652693997 -2.55642581491576 -0.36579107805753575 -3.141592653589793
0.032113485265315656 -0.39282798866022395 0.46844742009407286 2.4941026783938587 -0.06186260680523681 -3.141592653589793
0.032617266455023164 -0.25752949636527034 0.3615459385696286 2.5838530450386 -0.07909014594698727 -3.141592653589793
-0.12271583689537735 -0.47992880222227363 0.393247499349907 2.334909639195821 0.270091123895736 -3.141592653589793
-0.28855199300345535 -0.17250264782208535 0.2718572790915508 2.7618921687922073 0.7308899896632068 -3.141592653589793
0.39052728073989496 0.09359245355404866 0.6074613914866938 -3.0198073658832834 -0.5359906744950294 3.141592653589793
0.2891712386073383 -0.0015578010709427215 0.2521521728524542 3.1378679193219643 -0.7634493458766303 3.141592653589793
0.03710654181854778 0.08684111802087913 0.6472636845105981 -3.088832293297967 0.12390755195528569 1.5707963267948966
-0.06834045377032061 -0.37241969720443624 0.3702655434792347 2.4229527348777116 0.1612015618147642 3.141592653589793
-0.1369177036013649 0.14591724133160122 0.5424669828013472 2.9208567491906834 0.24148155148752948 1.5707963267948966
-0.14390327410215376 0.4865152487929797 0.5634648916141324 -2.4840949550950624 0.23040877392737302 -3.141592653589793
-0.2627732082640055 -0.39821752737959626 0.2917154835105992 2.395786248522798 0.6555395976052476 -3.141592653589793
-0.25404227161549187 -0.33931862674044433 0.31194021443078346 2.487081476539084 0.6119933956938901 -3.141592653589793
-0.2149048313061529 -0.3266264047052452 0.7380592547758551 2.7612003670048475 0.26622793113036347 -3.141592653589793
-0.4197662543383578 0.02451138957025467 0.44623809619379695 -3.103898720201793 0.70210715980381 3.141592653589793
0.4823786169086064 -0.38796109783194765 0.43871335942744505 2.627320782603708 -0.7788749371532341 -3.141592653589793
0.46947043327536886 0.36550712589398027 0.690243242569568 -2.7465366016744737 -0.5651955779910178 3.141592653589793
-0.24209717295506017 -0.3291124126099342 0.6011859319546586 2.699185177889746 0.3559436836874539 3.141592653589793
0.4293759891275858 0.05676289301392978 0.5429676136819399 -3.0642134016270983 -0.6267270234667858 -3.141592653589793
-0.22002090633971583 0.2694929331919369 0.312226249134514 -2.5752093833177714 0.5458523608209509 3.141592653589793
-0.17632076359575632 -0.07456356138358322 0.504566227210673 2.8363335020707625 -0.13365230937254635 1.5707963267948966
-0.25759026758491976 -0.38516317526079646 0.5663720254649796 2.618584037018787 0.39585314627761936 3.141592653589793
-0.21136944675974423 0.08123822142261228 0.2926176291645214 -2.942468655303904 0.5527716283761928 3.141592653589793
-0.01885989814518252 0.03258943255158586 0.23109412209345617 3.075042905917209 0.11542248200859895 1.5707963267948966
-0.16339572180607942 -0.36558532306102576 0.23802498228366065 2.3068022980194045 0.516026037370358 -3.141592653589793
0.48996023238994524 -0.17764615502527703 0.685924667512781 2.943300384891199 -0.5873850294275782 -3.141592653589793
-0.24535934523623615 0.18150272222392927 0.6561367159338121 2.8169695008948876 0.2515899590589954 1.5707963267948966
0.09563874060784427 -0.02842381144984163 0.4471045484883612 -2.9518260030551486 -0.05711654783971243 1.5707963267948966
-0.1511317334570047 0.42952914424782584 0.6983716446726376 -2.629131621917752 0.19926738951874268 3.141592653589793
0.4650269106665126 -0.37570277651445527 0.6385204851221866 2.7169179642773744 -0.5940245863531188 -3.141592653589793
0.43834045682103784 -0.31876693383433985 0.2398977604200665 2.596362586667298 -0.9864814678193294 3.141592653589793
0.24112064929005905 0.0744731131799119 0.7050972660549633 -2.833902870744328 0.09830923978561157 1.5707963267948966
-0.3602276233737105 0.2952673118598902 0.32097639202864675 -2.6227609771403873 0.7706991268972803 3.141592653589793
-0.3363440571342955 -0.33573420206900706 0.6887448321388294 2.7494053766133857 0.42724540916471 3.141592653589793
0.16519722069620013 0.023065424769119325 0.41529829047410155 -2.800826017604964 0.04953072057022778 1.5707963267948963
0.3772005408131083 -0.10755489257736461 0.6899596636829464 3.012811618402324 -0.4714236966462717 3.141592653589793
-0.06086509142978158 -0.12305557057509242 0.4776078714017639 3.0297164877864176 -0.22913678539069848 1.5707963267948966
-0.19862212583585792 0.24760938017625111 0.5016322340554875 -2.741990213860209 0.34561098030954485 3.141592653589793
-0.2677873048531827 0.39957457327456847 0.43033473282392687 -2.513248616366772 0.5085842248026915 3.141592653589793
0.043552861113988595 0.40647211096454694 0.5745427975483953 -2.565741540391993 -0.06962287711628945 -3.141592653589793
-0.38310195929163593 0.4398321236134751 0.5766248318428508 -2.602016087347761 0.5487405885658747 3.141592653589793
-0.16509438534291387 -0.36072792733661274 0.6764151135621777 2.6906341386182175 0.22347665527014038 3.141592653589793
0.12007275592851352 0.03346109197632152 0.7363355498305746 -2.9901989402782685 0.042527540648894746 1.5707963267948963
0.28859721122453075 -0.3483251202672488 0.38703324067732897 2.554680007254743 -0.5836204500906281 -3.141592653589793
-0.25151086018553426 0.24394629257267697 0.22011946084146763 -2.5575564828042467 0.7497393606386069 3.141592653589793
0.06988968487131653 0.26245868574069053 0.7260593820570498 -3.0564882308794545 0.3261188251803837 1.5707963267948968
-0.15791825128409254 0.32125730467201286 0.26637904217312436 -2.4040849002521854 0.4629614375608093 -3.141592653589793
0.3464522917345182 -0.3725113376680176 0.4383723743362204 2.5850685970117597 -0.6170081350469194 -3.141592653589793
0.2972953657795536 -0.3500825726512262 0.3375508371395849 2.5197290075341385 -0.654363900187607 3.141592653589793
0.22225256839306629 0.22003653654607436 0.5846885797311785 -2.825369605867166 -0.33683140758477736 -3.141592653589793
0.19394844446710002 0.042724443347596175 0.3510794353441717 -3.045985328502718 -0.4504143190817158 -3.141592653589793
-0.15430400649608056 -0.31840228319857433 0.7450703368001772 2.96333920388043 -0.38091198832507334 1.5707963267948966
0.08339179476612046 -0.09914858323636011 0.4772034821864797 -2.9873745459180845 -0.18589381598780874 1.5707963267948968
0.4472833396118153 -0.3466485968839198 0.5517378992100784 2.7085229584121517 -0.6392116738726573 3.141592653589793
0.005888678884465981 0.11145423543464783 0.21086611029250432 -3.120837309483278 0.4037722467088687 1.5707963267948966
0.3721239089441515 0.4321182824836124 0.5390799101535254 -2.5864729612409443 -0.5634053755314026 -3.141592653589793
0.19665082387689226 0.4224993811772957 0.6243431805880393 -2.6000848220725388 -0.2837495502234124 3.141592653589793
-0.34746095708573865 0.07628836016681317 0.5640290278297135 -3.03388071395079 0.5149462067637378 -3.141592653589793
-0.07586932869761398 0.23644423562472283 0.7606202088614089 3.0519832669040947 0.28380927704558156 1.5707963267948966
0.42556851290677633 -0.049160628595867895 0.2679428275044532 3.049312855184511 -0.9291529109795928 3.141592653589793
0.4848411989623346 0.3388980864459341 0.27479760872196013 -2.615467606250494 -0.9805550567137874 3.141592653589793
0.4208418826173723 0.3698963620621283 0.5113028342756434 -2.6563773182272143 -0.6433468861832448 3.141592653589793
0.09127543574492925 -0.10099729612986974 0.2328569832932188 -2.846562100949662 -0.3429516511068966 1.5707963267948966
-0.16480275835409908 0.30285344859801144 0.20277921380276173 -2.354380993672108 0.5777541249523503 -3.141592653589793
-0.16650082830885582 -0.10183130640905669 0.5224373617627538 2.8626894667653042 -0.17604912563952735 1.5707963267948968
0.4198556164127605 -0.15365400563403875 0.40817192113773665 2.8992031918629135 -0.7417867639197961 3.141592653589793
0.23750124810974838 -0.04778205911019284 0.3347628937639892 3.036308460904744 -0.5530188144924455 -3.141592653589793
-0.0475604838673066 -0.35914297962020014 0.305832191903734 2.3559906383265616 0.13287234975210604 3.141592653589793
-0.0016322272605202581 -0.08107455049545209 0.7489075406408601 3.139560022126697 -0.10113553425743982 1.5707963267948966
-0.1376061008833669 0.08058835027804345 0.5793585727517183 2.928025749423633 0.12735534888855038 1.5707963267948966
-0.48690554341166636 0.1635373720167106 0.3068215801218509 -2.8770307531131745 0.9383714207707046 3.141592653589793
0.46107031746945515 -0.35133727224688704 0.4487744742362143 2.66423774247619 -0.7461368348441293 3.141592653589793
-0.41465033192135614 0.49687425184594736 0.5013170061987455 -2.517391801304847 0.6448493288523327 -3.141592653589793
0.09538501732004379 -0.4329235226115725 0.6499762822395068 2.591800327258913 -0.13543473299779896 3.141592653589793
-0.29009440690441424 0.39805428944071375 0.3230837842892043 -2.4416015689645674 0.6609064258765773 3.141592653589793
-0.30931227933633343 -0.4634503321519051 0.4832401670659996 2.4969426096684217 0.5256300755149703 -3.141592653589793
0.06484113326261642 -0.43429136057164763 0.6653165700170065 2.597759137536625 -0.09039970568832212 -3.141592653589793
-0.046711165251972386 0.02439026932758004 0.46445764816293694 3.051145065347246 0.04737420116515656 1.5707963267948966
-0.09923693912467402 0.059640331308217887 0.29314414755842755 2.8640206330584785 0.17208640141092846 1.5707963267948968
-0.3180718695047289 0.3617856210135173 0.7676692772801796 -2.7504774176576294 0.37098622849012 -3.141592653589793
-0.12669068372024705 -0.22925532685644623 0.5863997259434095 2.956445569741406 -0.3457662063288538 1.5707963267948966
-0.0912658289019036 -0.47461364433965514 0.2936915584197142 2.2138152512676568 0.25955559085784063 3.141592653589793
0.21597222884739753 0.15892394191015136 0.21625759550209012 -2.7075232533256726 -0.6814969064629203 -3.141592653589793
-0.27802783806705056 -0.2689252034119286 0.6031356461592371 2.7794522795287455 0.4024478416009676 3.141592653589793
-0.48028946224563585 -0.39589141801542616 0.6799496512239137 2.7161843275615696 0.5819619370193472 -3.141592653589793
-0.3214553379456664 0.1527461078518747 0.34290966862803596 -2.8493224274520728 0.685704798824498 3.141592653589793
-0.40055860724065484 -0.2568278090005459 0.6333601591133955 2.82805275895297 0.5301811050710707 3.141592653589793
0.35569646810628575 0.3302198645669916 0.4383101177710729 -2.641356850123093 -0.6295484123240369 3.141592653589793
0.16808513657064617 -0.29501570458417903 0.375888638156608 2.5692072203525655 -0.37590244651963367 3.141592653589793
0.39633581852111976 -0.48699807648926396 0.2513051185126809 2.3672252605859097 -0.9207821184629852 3.141592653589793
-0.2921137448539727 -0.4734677961261803 0.3088612610538784 2.344716998315275 0.6832205581878594 3.141592653589793
0.08304156096969217 -0.07857544940750205 0.735603026646185 -3.036798519364905 -0.0996877419625537 1.5707963267948966
0.3174435617384409 -0.15818264830212403 0.35565406005877553 2.8436417279496764 -0.6640081968582083 -3.141592653589793
-0.1203075918327331 0.09029494251480774 0.3608381844937258 2.863021237040825 0.21634260255097804 1.5707963267948966
0.12414890784913402 -0.09058834780875957 0.5312283085111882 -2.933595467027243 -0.15461282856812764 1.5707963267948966
-0.06387347086468331 -0.20553424045808233 0.7690719841772942 3.0660987191911158 -0.24585894267803088 1.5707963267948966
0.2636057941597608 -0.35988682423354745 0.7210807855387478 2.725716035691394 -0.32940960524519536 3.141592653589793
-0.012568801750486358 0.3945522268940914 0.6799131535683892 -2.646098135018824 0.017217883571903236 -3.141592653589793
-0.07478649553076655 -0.4775306916798826 0.36120641563096767 2.2897597163434504 0.17990456496790563 -3.141592653589793
0.04163421466086692 0.13347821982614727 0.3547326112599214 -3.044208853292176 0.31856140727262194 1.5707963267948966
-0.36064392592717587 0.3349302367992991 0.7906413084221313 -2.7906036893831083 0.40526264474007134 3.141592653589793
0.025690182302685827 -0.3283207141516965 0.3633843959116214 2.471320700471568 -0.06206616915079932 3.141592653589793
-0.48160932345253327 0.414298806560499 0.2706506497340847 -2.5201751221317563 0.9834009231775829 3.141592653589793
0.07651647551425356 -0.225944779312794 0.532506801509476 -3.0197323731306196 -0.3700176822004788 1.5707963267948968
0.15142038835186422 0.32974180370720163 0.32385276305636196 -2.4562711878580927 -0.38483230002951063 -3.141592653589793
-0.4890041713415195 -0.3631143699311927 0.7400111851088631 2.769024888918499 0.5542613988940537 3.141592653589793
0.37389007756251524 0.0974131021703083 0.5603101162601921 -3.006321051500501 -0.5496495283132128 3.141592653589793
0.16503667454625548 -0.3246287213765504 0.748647167554976 -2.95244602637959 -0.38607429139608374 1.5707963267948966
-0.08122947510792689 -0.11686147175050254 0.5113506231697026 3.000862735497074 -0.2052475742315727 1.5707963267948966
-0.45303403322494495 -0.3337166312439206 0.6428201698558224 2.75838173482641 0.5791109009000319 3.141592653589793
-0.41720133207487353 0.1031521094663882 0.34720946580879264 -2.9644022951881843 0.8099408783977062 -3.141592653589793
-0.11070438595802345 -0.21130626322930013 0.4134036298789695 2.7241509779011817 0.2344990346011364 3.141592653589793
0.2190459051842455 -0.20287828437682498 0.5398427841781384 2.8296804125368857 -0.35557843889578855 -3.141592653589793
-0.023949597800900335 0.16367116536264814 0.7620978435948549 3.1126909744003153 0.19887703263316125 1.5707963267948966
0.2325720972102503 -0.28505962140924324 0.2187098810367708 2.4655562540347424 -0.7134319321901054 3.141592653589793
-0.23773595570017492 0.09507793070025483 0.23085548809055023 -2.8887345849750568 0.7024415812138152 -3.141592653589793
-0.0036337527987636564 0.09684284891688921 0.4005463344901765 3.133707698097406 0.2117239438701377 1.5707963267948968
0.2709122037458219 -0.3934017468662282 0.2450826690414853 2.3652395392281798 -0.7427197053928238 3.141592653589793
0.22818875620360335 -0.004508683793801538 0.6130414378566418 -2.8101418990014606 -0.00679989823320204 1.5707963267948966
-0.06517266139625377 -0.2535979667608932 0.6914613906045199 3.058616033528731 -0.3295521108146042 1.5707963267948968
0.29941587896897925 0.19469647085442676 0.3632870823379777 -2.777138414159111 -0.6269635408407545 -3.141592653589793
0.0902306668690871 -0.1390261030599732 0.2549492439959805 2.729464351509665 -0.28767959357853257 -3.141592653589793
0.4173135754622428 -0.3631813690810386 0.7701424122924816 2.7656871153238645 -0.4706871262205381 3.141592653589793
-0.05399422704204426 -0.31486707116138035 0.525140568427015 2.64254667681893 0.09360569950707842 3.141592653589793
0.3729458358764083 0.23222488640956118 0.6839366887168699 -2.866655507084844 -0.4701418996289497 -3.141592653589793
0.15878336671071736 0.19227656451785247 0.7095173909391916 -2.941636027855686 0.24794702583115868 1.5707963267948966
-0.25033199114081406 -0.010575036356859524 0.3327256650917614 3.118473033411061 0.5792358476087456 -3.141592653589793
0.487668007996647 0.44405933968661326 0.22365608682110355 -2.470463568145716 -1.0594311306691875 -3.141592653589793
0.20557517251568846 0.4252483174156658 0.3083452070764001 -2.341735227907904 -0.5208410567053197 3.141592653589793
0.06794523055262947 0.41548829758804184 0.2203675871514793 -2.1617627099206835 -0.24620827439399062 -3.141592653589793
0.19742026724683992 -0.20265099262744923 0.7546377172259184 -2.9080122649276468 -0.24672256701712314 1.5707963267948968
0.47105824516536776 0.4442664891134339 0.4845285299944783 -2.584032211312961 -0.7223641198354456 3.141592653589793
0.36204265098931343 0.3445493985350704 0.39146028394595345 -2.5986130779887326 -0.686878893147878 3.141592653589793
0.32891547415067734 -0.4629923652845074 0.5577619270892319 2.551301794653048 -0.49605515700266056 -3.141592653589793
-0.26999116271229695 -0.3794331142227212 0.24617192097752552 2.3835300055830126 0.7391886495536513 3.141592653589793
0.19628877587813975 -0.16012503623193386 0.6348600629172569 -2.8694327968317843 -0.22968103979294208 1.5707963267948966
-0.43464365920105763 -0.18470966216938967 0.5236947754252024 2.890383676709513 0.6483612315681975 3.141592653589793
0.29072316483896354 -0.18124749706793009 0.5755348258622055 2.8846443488604714 -0.43505979588918153 -3.141592653589793
0.38597774823618713 0.11586318818230457 0.3397756848521803 -2.93343389476593 -0.7805023986991276 3.141592653589793
-0.475599218443462 0.3700988739009299 0.2127616465102323 -2.543642191553246 1.0660469065678897 3.141592653589793
0.3747016726841994 0.028937134027211986 0.7634406191077379 -2.710167696646945 0.03555875627496996 1.5707963267948966
0.2987832357736654 0.49793411053333747 0.4104270892710261 -2.404819777248992 -0.5756200344829814 -3.141592653589793
0.2671882889311269 -0.09806908639075784 0.4879253721823454 2.979743111302629 -0.4610052538846605 3.141592653589793
0.12750546321837009 0.37367711418633875 0.7904500815195772 -3.003844161671331 0.41836714180800705 1.5707963267948966
0.2682734138645182 -0.08223321783266624 0.4528142013662422 2.9982891132551734 -0.4901211920075492 -3.141592653589793
0.2375823015888915 -0.26122285423169767 0.2662844678788368 2.5579696553201217 -0.6442472606737538 3.141592653589793
-0.14537784235922346 -0.21276100834591827 0.3777848722735941 2.7014904023011317 0.3275938875762623 -3.141592653589793
-0.26639224895009006 -0.4579068103636381 0.2107243608400483 2.254032997169893 0.7961503756811208 -3.141592653589793
0.48772238973603155 -0.07222686626413766 0.43059598829580903 3.036497959871284 -0.7927575949059312 -3.141592653589793
0.17964728269306984 -0.28174611213493583 0.7699767103701354 -2.937285392859157 -0.3309642284247061 1.5707963267948966
0.28634501441555205 -0.4105889976877405 0.45054846547095706 2.5228540649455966 -0.5196238802336863 3.141592653589793
0.3791183075621647 0.4447320222914103 0.4804409067499219 -2.542975297368136 -0.6205389693822004 -3.141592653589793
0.1134113892107077 -0.3329660539079248 0.794701175682186 -3.017327964839433 -0.3754808762199837 1.5707963267948966
-0.2683282986165566 0.44273177413512566 0.5897879893954212 -2.5735961079698253 0.39711946782840535 3.141592653589793
0.10773679487885912 0.012688511016508586 0.3384018870306552 -2.8711479687049226 0.03265689603589306 1.5707963267948966
-0.32347196799449174 -0.27951379092982465 0.3118629572865527 2.6190942579445293 0.7294387976236254 3.141592653589793
0.2795844735667533 -0.1498747408332699 0.23470560593803785 2.782297908922114 -0.7763230582900462 3.141592653589793
0.4691026301408113 0.3837858849634257 0.7566513699171278 -2.7513950688066373 -0.5267377746247544 -3.141592653589793
0.4949078226464353 -0.3261047507805127 0.4377452113415953 2.7027965603225805 -0.7926870885933777 -3.141592653589793
0.2582384757040913 0.19602061805379223 0.2923375438039131 -2.71283196644059 -0.6462721323064372 -3.141592653589793
0.3158331249906178 -0.27555942816333934 0.3342905688935739 2.6357036181237548 -0.6879289312687364 3.141592653589793
0.03697442289341357 0.09293993484170315 0.5480517247026868 -3.0805769901286952 0.15417129492965675 1.5707963267948966
-0.40851316260224513 0.37746086263038037 0.35936002555322366 -2.563335293022667 0.7843627184646773 3.141592653589793
-0.3704850787171958 0.3887480798689772 0.7733908989378522 -2.7350270709799065 0.4228126924938034 3.141592653589793
0.3621276172654506 0.3095160747248781 0.5931451883834131 -2.7445180500025064 -0.5128127373680422 -3.141592653589793
0.05085737060913931 -0.41301324008858986 0.4450719278424193 2.4488949108579314 -0.10236815034939206 3.141592653589793
-0.12731148298768602 -0.2402462162396738 0.634052068213151 2.9677662091809136 -0.3377527399966751 1.5707963267948968
-0.004124264921229193 -0.41895378409235207 0.3321099211698868 2.3102622068224705 0.010792980104585626 3.141592653589793
0.18325876365959592 -0.4238691405096998 0.7107241484292612 2.6451478394656567 -0.23639618309401444 3.141592653589793
-0.004853472986025675 -0.019413422673352 0.5554446707957106 3.1335805654519575 -0.03205375226733098 1.5707963267948968
0.32468096592514917 -0.15219079209780695 0.6068096915354382 2.9367865072702624 -0.459101612056912 3.141592653589793
0.06573196399579107 -0.23297172983057868 0.727177991813095 -3.060753210687923 -0.2912423283587866 1.5707963267948968
0.2974260216069281 0.1584518346584255 0.7103490374565453 -2.775876037843123 0.20545309968400183 1.5707963267948966
0.36729420095980236 0.2083629767150348 0.7022079970182034 -2.897637241377876 -0.45423425285676333 3.141592653589793
0.19747146166928364 0.1801407717603004 0.5711668269291106 -2.8452586257897767 0.2822609739917121 1.5707963267948966
0.25271663955764123 -0.3413948947069263 0.7285224555193572 2.7464393535826637 -0.3138796576570346 3.141592653589793
0.371843527745232 -0.47075271696544085 0.6954900503388577 2.627249457551722 -0.462679726557256 -3.141592653589793
-0.3711301325265548 -0.1648811457408581 0.6461049537749648 2.9355469230534994 0.489816568932957 -3.141592653589793
-0.3392401039516918 0.3179670241190622 0.6992805067746453 -2.772702963264505 0.42514218877868126 -3.141592653589793
0.007467733760836204 -0.4936141282831664 0.37222287990494773 2.27847714301135 -0.017684866400037524 3.141592653589793
0.1169269183757422 0.4811861780274235 0.5790881162100011 -2.4968030608885052 -0.1837702483587802 -3.141592653589793
-0.2401964189358402 0.13400570309961135 0.5239912278295134 2.7546300062015954 0.2293548832504655 1.5707963267948966
0.2798453951511436 -0.3930193611730416 0.656616741501217 2.6643418617275523 -0.3770841380972232 -3.141592653589793
0.04126657867611028 0.46299200385899464 0.4051232996232117 -2.3496708829582964 -0.09042394759243777 -3.141592653589793
0.13262189313394812 0.43202810551001747 0.2615058367944076 -2.2354929727078137 -0.40250106681815967 3.141592653589793
0.43722848723645114 0.18788572230081335 0.24070223546310315 -2.79794692503525 -0.9840352209889699 3.141592653589793
-0.19903643305318375 0.20817208864528158 0.24041036088126305 -2.6076099953653484 0.6008345839247253 -3.141592653589793
0.08217046017627327 -0.15411694304704326 0.5725493106604863 -3.014164222194143 -0.24267881245751632 1.5707963267948966
-0.45425796618748715 0.3715368061523763 0.7840933815064381 -2.768707311581436 0.4986977900195737 3.141592653589793
0.4688778552856915 0.2496518317429247 0.2780517440783792 -2.730217293444972 -0.9603033636066929 -3.141592653589793
0.2582631959290226 -0.4754130835411985 0.21327413091739836 2.230572037397694 -0.7757904506871101 -3.141592653589793
-0.17638978085045875 -0.01135680959533425 0.6622444506846761 2.898853401626525 -0.01594374972782342 1.5707963267948966
0.1832953766065052 -0.05409729362325166 0.36417599976899956 -2.728069000212843 -0.12987901259257106 1.5707963267948968
0.49712450015771115 -0.07381869776402705 0.47083221459780533 3.0394235707707637 -0.762112861453287 -3.141592653589793
-0.3363761788083308 0.2948095487499294 0.6162093354688933 -2.7653858141858683 0.46756839568171227 3.141592653589793
-0.2792303872112396 -0.4176189543841573 0.608299581244828 2.613003302874424 0.4011667168246069 -3.141592653589793
0.15451121428113523 -0.22674047300179068 0.7705181373502463 -2.9620407561021933 -0.26960986225473316 1.5707963267948968
-0.34894210821909977 -0.06766519895739809 0.7661695521005594 2.7388122301153537 -0.0827166433859694 1.5707963267948966
-0.0802726830738777 0.13852594766408555 0.4385566387776766 2.984815520623666 0.27628945135296124 1.5707963267948966
-0.22578479765132997 0.4839776479598282 0.4456004037890259 -2.4150722768769355 0.42748316207584147 -3.141592653589793
0.3940992036791344 -0.2700453941089138 0.32786282241505005 2.6822691675215014 -0.8064276793357434 -3.141592653589793
-0.46886591711548864 0.15166682537588505 0.4211158062342567 -2.917249832477954 0.7830046223675424 -3.141592653589793
0.36435824983963705 -0.02679009330844284 0.7809160567488331 -2.728532629033025 -0.03223047130071066 1.5707963267948966
-0.31447448429687885 0.3686231679556108 0.665958111675045 -2.7010872066309233 0.4138665052190138 3.141592653589793
0.270921844644052 0.34478322811688766 0.6566143945657994 -2.7140933957309477 -0.3661219020303401 -3.141592653589793
0.1262203216314154 -0.3687551223176124 0.21951570769475115 2.2498275029354105 -0.4379861709508188 3.141592653589793
0.42084784781568685 0.11665031452073804 0.6779223745857059 -3.003739140533865 -0.5241978789388047 -3.141592653589793
-0.018477648487449927 -0.3826918110376055 0.2751114753215303 2.275818228167173 0.05677373112727113 3.141592653589793
0.18556528722897137 -0.0696941051005373 0.32031483602020205 2.9748950186013214 -0.46452835038106555 3.141592653589793
-0.008405453258563123 -0.4357910629248659 0.5491828411486394 2.512819453839141 0.014027274107477838 3.141592653589793
-0.23100659556490233 0.29755910063718816 0.3862171753541443 -2.5990993037587757 0.48702114615833514 -3.141592653589793
-0.044779850918198805 -0.48837946009189936 0.24346813267673534 2.116973080446637 0.15142048416552578 3.141592653589793
-0.10750644359331518 -0.020061165282876492 0.5600123288715824 2.967239830440689 -0.03287464339733681 1.5707963267948968
-0.20833742129069677 0.19498188612654255 0.7160734383135228 2.8839001587418753 0.24922930783655994 1.5707963267948966
0.2798509888933498 -0.46038117465164285 0.4883041683546974 2.492467290835614 -0.4794210526980671 -3.141592653589793
-0.39506982158182513 -0.25795498413747253 0.7919975559602879 2.8710443774620535 0.43870987784317705 3.141592653589793
-0.35750445709848677 -0.0011118465486439355 0.5708934405908715 3.1400407983247436 0.5224280527613061 3.141592653589793
0.20246497054410395 0.0596486834869141 0.20586250845151022 -2.960774190783752 -0.6694158308076696 -3.141592653589793
-0.1735386917560081 0.01771164338471143 0.25271989948690005 -3.09087690287208 0.5205293255625731 3.141592653589793
-0.14937306879081924 -0.46679689120863344 0.24714709829301246 2.18984262382477 0.46579781366726136 -3.141592653589793
-0.10307672379840394 -0.36728424595693965 0.5405245089569349 2.5918880179955575 0.17281010714241973 -3.141592653589793
0.18946496913726574 0.30058669910908287 0.32009014654688606 -2.5156189804038394 -0.4731561018411157 3.141592653589793
-0.33251741774093024 -0.39543215966559975 0.5818581497261821 2.6358232182724164 0.48442897034613974 -3.141592653589793
0.20647572648690116 -0.46841385517435796 0.7617273477462141 2.631675926700814 -0.2490834698896114 -3.141592653589793
-0.4480287163485276 0.041296335301070464 0.6254363116705499 -3.0906863013031587 0.5856803546430345 3.141592653589793
0.3709691237460856 0.2140869321324278 0.6810368498418752 -2.8861449902013785 -0.4695946981745651 3.141592653589793
-0.16054980745719394 0.31482511374651223 0.2480689078308051 -2.392501161362662 0.4940744307574252 -3.141592653589793
0.3948166560605276 0.04759237615373624 0.6903786619774963 -3.084933067156602 -0.4899026821663506 -3.141592653589793
-0.04768171548169986 0.14357769519652497 0.5158415965616681 3.060095086573315 0.24849729463061632 1.5707963267948968
0.23158952175533187 -0.4183700179694104 0.2362112503943383 2.2924597132039635 -0.6802989266915028 -3.141592653589793
-0.25289676598985356 -0.34045531988681166 0.723070139955321 2.7451839906298066 0.3161599272835882 -3.141592653589793
-0.2807860126419557 0.4758652558191313 0.4021374750626642 -2.4120487274189104 0.5557315302288806 -3.141592653589793
-0.3178820843113007 0.28969850714247913 0.5952246653005258 -2.758707741452539 0.4577654957241277 3.141592653589793
-0.0018042835468610186 0.055363550937631234 0.6315210669633584 3.1389539159516433 0.08105728358016351 1.5707963267948968
-0.2715452586687013 0.49633391605674193 0.7848758972880701 -2.6270423282933155 0.31446002781855764 -3.141592653589793
0.15032568634693688 -0.30045754907085487 0.6081369454587748 2.7228501393757583 -0.22455865446038037 3.141592653589793
-0.42780159102082416 -0.46934749779419394 0.3546097331067283 2.4686334797854403 0.81325201308902 3.141592653589793
-0.037377043260683696 0.3682725054083805 0.6363014418597849 -2.6497086769184235 0.054407804521002356 3.141592653589793
0.24270652119998104 -0.07450666555192464 0.4075609955281778 2.9987226032189542 -0.4876983869222904 -3.141592653589793
-0.1289612370153973 0.48764956373605783 0.2240655148474895 -2.1266036509254853 0.43981040994009213 3.141592653589793
0.36703149612244856 0.07867540857239341 0.4631692515137543 -3.01753273763637 -0.620871192649487 -3.141592653589793
0.2252576604151365 -0.01333105857529715 0.7240539428489965 -2.8584433505371356 -0.017220687121450196 1.5707963267948968
0.4007018640112585 -0.07827907312654458 0.366096678341031 3.006903931124376 -0.7665526452178884 3.141592653589793
0.09235032859336223 0.41236334561669097 0.32639731340339995 -2.325198542975062 -0.24060055371121902 -3.141592653589793
0.12296658356348278 0.13156022009252055 0.6398678134491687 -2.9682585209656835 0.1884408662651882 1.5707963267948966
-0.3684323148727402 0.21582496468208856 0.7454195123993848 -2.9001882039324753 0.4337704513387939 -3.141592653589793
-0.32031689112975803 -0.26245667507612236 0.7828370564249838 2.8555288267518235 0.3671685477726956 3.141592653589793
-0.31902304729051023 0.35438509336957913 0.4953667138688209 -2.6304249204958183 0.5292945554692015 3.141592653589793
-0.25276892559682296 0.3707499012725114 0.46718315300159935 -2.5694068615992767 0.45460039796205454 -3.141592653589793
0.014817353929690191 -0.1407666306002343 0.5557705108609565 -3.1177716345586477 -0.2283239984272527 1.5707963267948966
-0.33647612741497723 -0.10891846334823929 0.7816473934011725 2.760083181700171 -0.13022593275869943 1.5707963267948966
-0.24186656729887246 0.1567366645412922 0.39511403853481697 -2.8415344642953904 0.4977473430094683 -3.141592653589793
0.27347312568660065 -0.3691263392816502 0.7818926270471269 2.74266794282971 -0.3176073407155595 -3.141592653589793
-0.04621045861636075 -0.26394953665353604 0.2440980483980076 2.4162245762433736 0.1558517791986287 -3.141592653589793
-0.33024209491245926 0.019773948556017662 0.4022019058587718 -3.106293681796556 0.6307720566308292 -3.141592653589793
0.32888336588260947 -0.06911247633819406 0.349228563552578 3.0087641986834965 -0.6890839255634106 -3.141592653589793
0.11714498660403005 0.2067772168854458 0.30022514474056994 -2.6311648356750363 -0.3227865138790673 3.141592653589793
-0.33238078371168234 -0.46332857306645703 0.6418412090393844 2.5984920854976967 0.4478688228755736 3.141592653589793
0.16380452762180508 -0.025369124250186115 0.7065022693815184 -2.9284719054844723 -0.03352220054790145 1.5707963267948966
0.3056701529500532 0.08535436439675215 0.7209627683079554 -2.7662081016390263 0.11026236340332107 1.5707963267948963
-0.29415878996323175 -0.3880803806022721 0.36184976691019377 2.487434052137712 0.6202179487906165 3.141592653589793
-0.44291314391068515 0.03116952800103201 0.761963415376977 -3.107905299873763 0.4993695095836497 -3.141592653589793
-0.46065645933149035 -0.3778900859899732 0.47131941697006124 2.6439921229091556 0.7237001467359683 3.141592653589793
0.4338750175279049 -0.1838438950232495 0.5043408852130356 2.88613688723041 -0.6640942897238603 3.141592653589793
-0.4584271409496079 -0.35165679903791114 0.7919780737753082 2.7900210732116477 0.49858334798047377 -3.141592653589793
0.46511869643604553 -0.4950600190655904 0.7710870712539435 2.658451810829857 -0.5153978281677065 3.141592653589793
0.13911993781550036 0.3679182945200221 0.4728439133803155 -2.544398664058021 -0.2600575042136972 -3.141592653589793
0.015596028579250243 -0.011153419743079818 0.6001185545276626 -3.1176112669070926 -0.017154295329012026 1.5707963267948966
-0.3603487452436871 -0.47002641012732205 0.3847579649547146 2.447420980624458 0.692085996672672 -3.141592653589793
0.2046807627366467 -0.29814654787705164 0.6040594599949505 2.731252344551855 -0.3032848302056379 -3.141592653589793
0.46991204610727044 -0.4060992842105816 0.6035612709350758 2.6743542442823296 -0.6233656578526846 -3.141592653589793
-0.05624978069542885 0.36814225437750536 0.3062898736684316 -2.345987666102502 0.15658403564330858 3.141592653589793
0.19262595222616452 0.3381152896481102 0.766768531684414 -2.927040650788257 0.3924886833027754 1.5707963267948966
0.18324802828964581 -0.0028252359915726943 0.5707083441207284 -2.8545260208487444 -0.004551600615818385 1.5707963267948963
0.3689049844787182 0.07060974663882968 0.21823223581810214 -2.9880043987295553 -0.942110501777837 -3.141592653589793
0.4309486955069778 0.18952675103156114 0.605908031466348 -2.9046367049641826 -0.5812986354308801 3.141592653589793
-0.2843248476022828 0.1588854702326572 0.43631864339249515 -2.8666892557525023 0.529054204284968 3.141592653589793
0.15123297704149208 -0.3934069696920093 0.5947071827618217 2.6055344051360443 -0.23041032552591045 3.141592653589793
0.49941372577066656 -0.45178796113944397 0.7863045105327904 2.7073114109896474 -0.5383340463438839 -3.141592653589793
-0.09309203927712939 0.37075345033725915 0.6694312904349642 -2.6691191832654964 0.1286816907227415 -3.141592653589793
0.0670162609866678 0.2384492092513265 0.7271093367808088 -3.0593346355172053 0.29772130356223214 1.5707963267948966
-0.09585967834896703 -0.1729668384367613 0.6005560313381508 3.0001405895211306 -0.25986350238493294 1.5707963267948966
0.3078459419412586 0.26228513477661575 0.6786881893151808 -2.8214326375141816 -0.39972232064762236 -3.141592653589793
-0.064416685187067 0.3178342161750216 0.2721254332223651 -2.372699712303182 0.1973704815291022 -3.141592653589793
0.044489097960849544 -0.49424133950187843 0.3947514979401622 2.3060139553183148 -0.09969970359126923 -3.141592653589793
-0.13353846512860212 -0.10382730839074461 0.6172803240139173 2.946367218230009 -0.1543599605777135 1.5707963267948966
-0.11144189872965427 -0.05130637737746935 0.3425264785245965 2.867179965873601 -0.12997124075946154 1.5707963267948966
-0.12674820837065992 -0.2727303727368485 0.2439175542610662 2.4359018703797064 0.40714180050752913 3.141592653589793
0.1034485933813779 0.16821279855501625 0.5716942076057687 -2.9823307640514765 0.2642445225974632 1.5707963267948968
-0.03650595619942765 -0.12021421982077019 0.7180001897430952 3.09466517912367 -0.15526897707392773 1.5707963267948968
